32324
-191
-192
-189
-444
-189
-190
-190
18902
-188
-188
-186
-441
-184
-185
-182
-437
-180
-180
-179
-430
-175
-176
-173
6004
-170
-167
-166
-416
-163
-160
-158
-408
-155
-154
-152
-398
-145
-144
-142
3253
-136
-135
-131
-376
-127
-123
-120
-362
-116
-111
-110
-348
-104
-99
-98
2103
-92
-87
-86
-149
-80
-76
-71
-306
-65
-63
-59
-289
-53
-48
-47
1493
-40
-36
-34
-258
-28
-22
-21
-242
-13
-12
-6
-227
-1
2
5
1129
13
16
17
-196
24
27
30
-180
35
38
41
-166
47
50
52
889
59
62
63
-135
69
72
74
-122
78
81
84
-109
88
90
92
719
96
97
99
11
104
107
107
-73
110
112
115
-63
116
116
120
591
121
121
125
-43
126
125
128
-35
128
129
130
-29
131
132
132
484
133
132
131
-17
132
132
132
-11
132
132
131
-6
130
129
130
388
129
129
125
1
126
124
123
3
122
121
120
5
117
118
116
300
114
111
111
11
108
107
106
5
103
101
99
6
96
95
93
220
90
89
85
4
83
82
79
4
75
74
73
3
68
68
66
145
62
60
58
0
54
52
51
-1
48
46
45
-2
40
38
38
79
33
32
30
-3
27
26
24
-3
20
19
17
-4
15
12
12
24
9
7
6
-89
4
2
2
0
-1
-2
-4
1
-6
-7
-7
-20
-10
-11
-11
7
-12
-14
-14
10
-16
-15
-17
15
-19
-18
-19
-53
-20
-20
-20
22
-21
-22
-22
29
-21
-21
-21
35
-22
-22
-22
-72
-22
-22
-22
47
-21
-21
-21
54
-20
-20
-20
62
-19
-19
-18
-83
-17
-17
-16
-86
-16
-15
-15
84
-14
-13
-13
94
-11
-10
-10
-88
-8
-8
-7
109
-5
-5
-5
116
-3
-2
-2
126
-1
1
1
-88
2
3
5
141
6
6
6
149
8
8
8
157
10
10
11
-92
12
12
13
171
14
15
14
177
15
16
16
184
16
17
17
-96
18
18
18
-21
19
18
19
199
19
19
18
204
19
19
18
-107
18
18
17
212
18
18
17
215
16
16
15
217
15
14
13
-123
12
12
12
219
11
10
9
222
8
7
7
221
4
4
3
-148
1
0
1
220
-2
-3
-3
221
-6
-6
-8
220
-9
-10
-12
-177
-13
-15
-15
-20
-17
-19
-19
216
-21
-22
-24
213
-26
-27
-28
-211
-30
-31
-31
211
-35
-35
-36
208
-38
-39
-41
205
-41
-43
-44
-245
-46
-46
-47
203
-49
-49
-51
200
-52
-52
-53
197
-54
-55
-56
-278
-57
-58
-57
194
-59
-59
-60
193
-60
-61
-61
193
-62
-62
-62
-307
-64
-63
-63
-56
-63
-64
-63
192
-63
-64
-63
192
-63
-64
-64
-330
-62
-62
-62
193
-62
-61
-60
193
-60
-60
-59
194
-57
-58
-57
-352
-56
-55
-54
198
-53
-52
-52
200
-51
-50
-50
202
-47
-46
-46
-371
-44
-43
-41
206
-41
-39
-38
208
-36
-35
-34
210
-32
-31
-30
-391
-28
-27
-26
43
-24
-22
-21
216
-19
-19
-17
217
-15
-14
-13
-407
-12
-10
-10
220
-8
-6
-5
220
-3
-4
-2
221
-1
0
1
-431
3
4
3
220
6
7
8
222
9
10
11
220
11
12
12
-463
13
14
13
217
15
16
16
214
16
17
18
211
16
18
18
-501
18
19
19
109
18
19
19
199
18
18
19
195
18
18
18
-549
17
17
17
183
16
15
16
177
14
15
14
171
13
12
12
-606
11
10
9
157
8
8
8
149
6
6
5
142
4
3
2
-668
1
1
-1
125
-2
-2
-3
117
-4
-5
-6
109
-7
-8
-8
-736
-10
-11
-11
87
-12
-13
-14
85
-15
-15
-15
76
-16
-17
-17
-804
-18
-19
-19
62
-19
-20
-21
54
-21
-20
-21
47
-22
-22
-22
-871
-22
-22
-22
34
-22
-22
-21
29
-22
-22
-21
24
-20
-20
-20
-935
-19
-18
-18
15
-17
-16
-16
11
-14
-13
-13
8
-11
-10
-10
-994
-7
-7
-6
89
-4
-2
0
0
3
2
4
-1
6
9
9
-1052
12
13
15
-3
18
20
20
-2
24
27
27
-3
31
32
33
-1107
38
38
40
0
45
46
48
-1
51
53
55
1
58
60
62
-1166
66
68
70
3
73
75
75
4
80
82
84
4
87
89
90
-1233
93
95
96
168
100
101
103
6
106
107
109
6
111
112
114
-1314
116
118
119
5
121
121
123
2
123
126
126
0
127
129
129
-1418
130
129
131
-5
132
132
132
-11
132
132
132
-15
132
132
133
-1550
132
132
131
-29
130
129
128
-33
127
126
126
-42
124
123
121
-1718
120
118
116
153
115
112
111
-73
109
107
104
-84
99
99
96
-1935
92
92
89
-108
84
82
79
-121
74
72
69
-135
65
62
59
-2211
52
50
48
-163
41
38
35
-180
30
27
25
-193
18
16
13
-2572
5
2
-1
-226
-6
-11
-13
-241
-20
-22
-26
-258
-33
-36
-40
-3067
-47
-49
-53
-54
-59
-63
-65
-306
-71
-76
-80
-319
-86
-87
-92
-3797
-98
-99
-103
-349
-109
-111
-114
-362
-120
-123
-127
-375
-129
-135
-136
-5049
-142
-144
-145
-397
-151
-153
-155
-408
-158
-160
-163
-415
-166
-167
-170
-7878
-173
-176
-175
-430
-179
-179
-180
-437
-182
-185
-183
-441
-186
-188
-188
-20763
-190
-189
-189
-196
-189
-192
-191
32324
-191
-192
-189
-444
-189
-190
-190
18902
-188
-188
-186
-441
-184
-185
-182
-437
-180
-180
-179
-430
-175
-176
-173
6004
-170
-167
-166
-416
-163
-160
-158
-408
-155
-154
-152
-398
-145
-144
-142
3253
-136
-135
-131
-376
-127
-123
-120
-362
-116
-111
-110
-348
-104
-99
-98
2103
-92
-87
-86
-149
-80
-76
-71
-306
-65
-63
-59
-289
-53
-48
-47
1493
-40
-36
-34
-258
-28
-22
-21
-242
-13
-12
-6
-227
-1
2
5
1129
13
16
17
-196
24
27
30
-180
35
38
41
-166
47
50
52
889
59
62
63
-135
69
72
74
-122
78
81
84
-109
88
90
92
719
96
97
99
11
104
107
107
-73
110
112
115
-63
116
116
120
591
121
121
125
-43
126
125
128
-35
128
129
130
-29
131
132
132
484
133
132
131
-17
132
132
132
-11
132
132
131
-6
130
129
130
388
129
129
125
1
126
124
123
3
122
121
120
5
117
118
116
300
114
111
111
11
108
107
106
5
103
101
99
6
96
95
93
220
90
89
85
4
83
82
79
4
75
74
73
3
68
68
66
145
62
60
58
0
54
52
51
-1
48
46
45
-2
40
38
38
79
33
32
30
-3
27
26
24
-3
20
19
17
-4
15
12
12
24
9
7
6
-89
4
2
2
0
-1
-2
-4
1
-6
-7
-7
-20
-10
-11
-11
7
-12
-14
-14
10
-16
-15
-17
15
-19
-18
-19
-53
-20
-20
-20
22
-21
-22
-22
29
-21
-21
-21
35
-22
-22
-22
-72
-22
-22
-22
47
-21
-21
-21
54
-20
-20
-20
62
-19
-19
-18
-83
-17
-17
-16
-86
-16
-15
-15
84
-14
-13
-13
94
-11
-10
-10
-88
-8
-8
-7
109
-5
-5
-5
116
-3
-2
-2
126
-1
1
1
-88
2
3
5
141
6
6
6
149
8
8
8
157
10
10
11
-92
12
12
13
171
14
15
14
177
15
16
16
184
16
17
17
-96
18
18
18
-21
19
18
19
199
19
19
18
204
19
19
18
-107
18
18
17
212
18
18
17
215
16
16
15
217
15
14
13
-123
12
12
12
219
11
10
9
222
8
7
7
221
4
4
3
-148
1
0
1
220
-2
-3
-3
221
-6
-6
-8
220
-9
-10
-12
-177
-13
-15
-15
-20
-17
-19
-19
216
-21
-22
-24
213
-26
-27
-28
-211
-30
-31
-31
211
-35
-35
-36
208
-38
-39
-41
205
-41
-43
-44
-245
-46
-46
-47
203
-49
-49
-51
200
-52
-52
-53
197
-54
-55
-56
-278
-57
-58
-57
194
-59
-59
-60
193
-60
-61
-61
193
-62
-62
-62
-307
-64
-63
-63
-56
-63
-64
-63
192
-63
-64
-63
192
-63
-64
-64
-330
-62
-62
-62
193
-62
-61
-60
193
-60
-60
-59
194
-57
-58
-57
-352
-56
-55
-54
198
-53
-52
-52
200
-51
-50
-50
202
-47
-46
-46
-371
-44
-43
-41
206
-41
-39
-38
208
-36
-35
-34
210
-32
-31
-30
-391
-28
-27
-26
43
-24
-22
-21
216
-19
-19
-17
217
-15
-14
-13
-407
-12
-10
-10
220
-8
-6
-5
220
-3
-4
-2
221
-1
0
1
-431
3
4
3
220
6
7
8
222
9
10
11
220
11
12
12
-463
13
14
13
217
15
16
16
214
16
17
18
211
16
18
18
-501
18
19
19
109
18
19
19
199
18
18
19
195
18
18
18
-549
17
17
17
183
16
15
16
177
14
15
14
171
13
12
12
-606
11
10
9
157
8
8
8
149
6
6
5
142
4
3
2
-668
1
1
-1
125
-2
-2
-3
117
-4
-5
-6
109
-7
-8
-8
-736
-10
-11
-11
87
-12
-13
-14
85
-15
-15
-15
76
-16
-17
-17
-804
-18
-19
-19
62
-19
-20
-21
54
-21
-20
-21
47
-22
-22
-22
-871
-22
-22
-22
34
-22
-22
-21
29
-22
-22
-21
24
-20
-20
-20
-935
-19
-18
-18
15
-17
-16
-16
11
-14
-13
-13
8
-11
-10
-10
-994
-7
-7
-6
89
-4
-2
0
0
3
2
4
-1
6
9
9
-1052
12
13
15
-3
18
20
20
-2
24
27
27
-3
31
32
33
-1107
38
38
40
0
45
46
48
-1
51
53
55
1
58
60
62
-1166
66
68
70
3
73
75
75
4
80
82
84
4
87
89
90
-1233
93
95
96
168
100
101
103
6
106
107
109
6
111
112
114
-1314
116
118
119
5
121
121
123
2
123
126
126
0
127
129
129
-1418
130
129
131
-5
132
132
132
-11
132
132
132
-15
132
132
133
-1550
132
132
131
-29
130
129
128
-33
127
126
126
-42
124
123
121
-1718
120
118
116
153
115
112
111
-73
109
107
104
-84
99
99
96
-1935
92
92
89
-108
84
82
79
-121
74
72
69
-135
65
62
59
-2211
52
50
48
-163
41
38
35
-180
30
27
25
-193
18
16
13
-2572
5
2
-1
-226
-6
-11
-13
-241
-20
-22
-26
-258
-33
-36
-40
-3067
-47
-49
-53
-54
-59
-63
-65
-306
-71
-76
-80
-319
-86
-87
-92
-3797
-98
-99
-103
-349
-109
-111
-114
-362
-120
-123
-127
-375
-129
-135
-136
-5049
-142
-144
-145
-397
-151
-153
-155
-408
-158
-160
-163
-415
-166
-167
-170
-7878
-173
-176
-175
-430
-179
-179
-180
-437
-182
-185
-183
-441
-186
-188
-188
-20763
-190
-189
-189
-196
-189
-192
-191
