5
42
76
122
155
194
225
259
303
334
371
413
442
471
505
535
576
603
633
669
691
720
740
766
796
814
841
867
879
896
914
929
954
963
975
990
994
1004
1004
1015
1022
1020
1029
1030
1021
1019
1016
1012
1013
996
989
981
963
951
930
922
905
883
871
847
819
798
773
752
731
695
671
642
606
577
542
518
483
448
421
381
341
307
271
240
204
158
126
86
44
10
-30
-60
-102
-138
-170
-216
-254
-288
-324
-354
-391
-433
-460
-499
-533
-562
-593
-617
-653
-679
-703
-739
-764
-788
-810
-827
-853
-880
-892
-917
-932
-943
-958
-965
-985
-990
-999
-1015
-1018
-1022
-1022
-1020
-1029
-1030
-1022
-1026
-1018
-1007
-1000
-989
-986
-967
-958
-951
-931
-913
-891
-870
-859
-835
-809
-791
-760
-732
-706
-678
-656
-619
-595
-566
-530
-497
-457
-425
-399
-359
-323
-293
-247
-210
-174
-138
-106
-62
-31
7
49
87
130
161
193
236
271
305
349
382
417
447
478
518
541
576
611
641
675
695
720
752
773
799
830
846
867
882
900
923
930
950
966
981
993
993
1003
1014
1015
1022
1030
1025
1025
1019
1017
1017
1005
1005
997
990
978
957
948
935
914
902
886
858
838
812
793
771
740
722
694
667
634
597
572
540
505
479
445
404
370
330
300
266
224
195
156
119
76
35
5
-36
-74
-104
-145
-188
-225
-263
-291
-328
-367
-395
-434
-467
-505
-539
-564
-599
-627
-651
-685
-716
-742
-768
-784
-810
-835
-851
-877
-894
-918
-931
-942
-961
-967
-976
-994
-1004
-1010
-1015
-1010
-1020
-1021
-1018
-1023
-1019
-1022
-1010
-1001
-998
-981
-971
-967
-953
-938
-920
-895
-885
-863
-841
-825
-802
-781
-748
-723
-699
-663
-638
-614
-581
-550
-512
-477
-452
-413
-381
-351
-313
-279
-234
-200
-164
-120
-90
-56
-16
22
66
104
132
176
208
242
282
316
360
389
427
464
489
521
554
587
623
649
671
705
727
752
780
804
833
847
872
892
901
920
937
954
971
977
984
999
999
1008
1016
1020
1026
1019
1024
1020
1010
1008
1003
1000
993
974
963
954
933
923
909
891
874
847
831
803
775
756
730
708
680
644
617
589
550
528
495
461
427
387
359
315
279
247
210
180
138
94
62
23
-19
-47
-85
-124
-163
-205
-234
-279
-313
-345
-380
-409
-449
-488
-514
-549
-582
-603
-637
-667
-699
-728
-748
-781
-801
-820
-842
-859
-886
-906
-917
-938
-950
-956
-975
-985
-999
-1007
-1008
-1021
-1018
-1018
-1019
-1017
-1025
-1019
-1011
-1011
-997
-985
-982
-970
-963
-946
-927
-918
-892
-874
-850
-832
-818
-789
-763
-742
-708
-680
-659
-628
-603
-566
-532
-505
-463
-433
-396
-366
-336
-292
-258
-224
-179
-144
-113
-74
-41
5
42
76
122
155
194
225
259
303
334
371
413
442
471
505
535
576
603
633
669
691
720
740
766
796
814
841
867
879
896
914
929
954
963
975
990
994
1004
1004
1015
1022
1020
1029
1030
1021
1019
1016
1012
1013
996
989
981
963
951
930
922
905
883
871
847
819
798
773
752
731
695
671
642
606
577
542
518
483
448
421
381
341
307
271
240
204
158
126
86
44
10
-30
-60
-102
-138
-170
-216
-254
-288
-324
-354
-391
-433
-460
-499
-533
-562
-593
-617
-653
-679
-703
-739
-764
-788
-810
-827
-853
-880
-892
-917
-932
-943
-958
-965
-985
-990
-999
-1015
-1018
-1022
-1022
-1020
-1029
-1030
-1022
-1026
-1018
-1007
-1000
-989
-986
-967
-958
-951
-931
-913
-891
-870
-859
-835
-809
-791
-760
-732
-706
-678
-656
-619
-595
-566
-530
-497
-457
-425
-399
-359
-323
-293
-247
-210
-174
-138
-106
-62
-31
7
49
87
130
161
193
236
271
305
349
382
417
447
478
518
541
576
611
641
675
695
720
752
773
799
830
846
867
882
900
923
930
950
966
981
993
993
1003
1014
1015
1022
1030
1025
1025
1019
1017
1017
1005
1005
997
990
978
957
948
935
914
902
886
858
838
812
793
771
740
722
694
667
634
597
572
540
505
479
445
404
370
330
300
266
224
195
156
119
76
35
5
-36
-74
-104
-145
-188
-225
-263
-291
-328
-367
-395
-434
-467
-505
-539
-564
-599
-627
-651
-685
-716
-742
-768
-784
-810
-835
-851
-877
-894
-918
-931
-942
-961
-967
-976
-994
-1004
-1010
-1015
-1010
-1020
-1021
-1018
-1023
-1019
-1022
-1010
-1001
-998
-981
-971
-967
-953
-938
-920
-895
-885
-863
-841
-825
-802
-781
-748
-723
-699
-663
-638
-614
-581
-550
-512
-477
-452
-413
-381
-351
-313
-279
-234
-200
-164
-120
-90
-56
-16
22
66
104
132
176
208
242
282
316
360
389
427
464
489
521
554
587
623
649
671
705
727
752
780
804
833
847
872
892
901
920
937
954
971
977
984
999
999
1008
1016
1020
1026
1019
1024
1020
1010
1008
1003
1000
993
974
963
954
933
923
909
891
874
847
831
803
775
756
730
708
680
644
617
589
550
528
495
461
427
387
359
315
279
247
210
180
138
94
62
23
-19
-47
-85
-124
-163
-205
-234
-279
-313
-345
-380
-409
-449
-488
-514
-549
-582
-603
-637
-667
-699
-728
-748
-781
-801
-820
-842
-859
-886
-906
-917
-938
-950
-956
-975
-985
-999
-1007
-1008
-1021
-1018
-1018
-1019
-1017
-1025
-1019
-1011
-1011
-997
-985
-982
-970
-963
-946
-927
-918
-892
-874
-850
-832
-818
-789
-763
-742
-708
-680
-659
-628
-603
-566
-532
-505
-463
-433
-396
-366
-336
-292
-258
-224
-179
-144
-113
-74
-41
22
81
157
217
257
324
376
428
499
556
600
657
692
740
778
823
872
890
949
958
965
992
993
1011
1027
1023
1032
1023
1009
1000
985
973
965
925
902
861
811
778
727
695
647
592
542
483
427
372
310
260
197
116
80
10
-61
-124
-189
-241
-304
-370
-436
-484
-540
-589
-639
-683
-729
-793
-815
-845
-891
-919
-951
-966
-1004
-1005
-1026
-1028
-1027
-1031
-1030
-1019
-1015
-1009
-973
-948
-933
-904
-870
-840
-802
-758
-739
-664
-613
-562
-512
-456
-403
-336
-275
-209
-152
-97
-31
23
91
166
199
289
348
403
456
508
569
612
660
722
754
796
834
856
905
926
941
990
996
1006
1010
1018
1030
1033
1010
1019
986
973
949
920
910
862
844
813
758
715
663
619
578
508
461
414
335
287
217
160
113
43
-13
-83
-154
-216
-275
-331
-380
-456
-510
-549
-620
-654
-714
-746
-791
-835
-846
-897
-925
-953
-969
-986
-993
-1028
-1025
-1014
-1028
-1009
-1007
-989
-976
-956
-933
-906
-881
-842
-804
-760
-726
-687
-621
-571
-521
-461
-409
-349
-301
-226
-167
-108
-46
22
88
145
207
263
316
383
445
504
557
600
647
717
743
789
829
869
901
924
945
988
977
1004
1028
1024
1034
1014
1028
1020
992
991
971
952
923
883
857
822
752
745
697
640
595
526
495
444
372
319
254
195
130
58
8
-63
-139
-165
-247
-308
-368
-434
-467
-542
-574
-633
-686
-728
-774
-819
-842
-882
-913
-922
-975
-986
-999
-1011
-1005
-1021
-1010
-1023
-1017
-1002
-991
-971
-947
-933
-874
-853
-839
-788
-743
-695
-647
-608
-542
-503
-445
-388
-322
-264
-199
-142
-70
-22
25
106
175
237
280
342
418
464
520
573
629
675
711
767
817
823
859
903
945
954
964
985
1002
1012
1015
1019
1024
1009
993
999
965
924
915
894
872
816
766
758
705
656
609
554
512
440
389
340
251
193
148
91
37
-57
-109
-160
-235
-281
-346
-405
-456
-526
-569
-606
-682
-716
-754
-796
-830
-892
-901
-922
-955
-964
-996
-1004
-1012
-1028
-1016
-1031
-1008
-997
-990
-971
-953
-944
-890
-860
-826
-787
-766
-713
-667
-619
-560
-508
-437
-398
-349
-287
-229
-168
-91
-45
39
91
138
212
269
337
392
450
530
549
600
648
702
748
801
823
862
891
907
945
965
994
993
1012
1033
1008
1010
1003
1005
995
972
940
939
902
869
840
808
768
716
677
627
569
515
463
421
357
289
226
173
108
46
-14
-74
-137
-215
-251
-314
-379
-435
-492
-533
-598
-653
-695
-745
-783
-817
-853
-879
-920
-943
-960
-985
-986
-1006
-1008
-1006
-1022
-1018
-992
-1000
-973
-951
-934
-901
-883
-839
-796
-758
-705
-675
-620
-573
-538
-469
-422
-366
-289
-238
-175
-114
-58
22
81
157
217
257
324
376
428
499
556
600
657
692
740
778
823
872
890
949
958
965
992
993
1011
1027
1023
1032
1023
1009
1000
985
973
965
925
902
861
811
778
727
695
647
592
542
483
427
372
310
260
197
116
80
10
-61
-124
-189
-241
-304
-370
-436
-484
-540
-589
-639
-683
-729
-793
-815
-845
-891
-919
-951
-966
-1004
-1005
-1026
-1028
-1027
-1031
-1030
-1019
-1015
-1009
-973
-948
-933
-904
-870
-840
-802
-758
-739
-664
-613
-562
-512
-456
-403
-336
-275
-209
-152
-97
-31
23
91
166
199
289
348
403
456
508
569
612
660
722
754
796
834
856
905
926
941
990
996
1006
1010
1018
1030
1033
1010
1019
986
973
949
920
910
862
844
813
758
715
663
619
578
508
461
414
335
287
217
160
113
43
-13
-83
-154
-216
-275
-331
-380
-456
-510
-549
-620
-654
-714
-746
-791
-835
-846
-897
-925
-953
-969
-986
-993
-1028
-1025
-1014
-1028
-1009
-1007
-989
-976
-956
-933
-906
-881
-842
-804
-760
-726
-687
-621
-571
-521
-461
-409
-349
-301
-226
-167
-108
-46
22
88
145
207
263
316
383
445
504
557
600
647
717
743
789
829
869
901
924
945
988
977
1004
1028
1024
1034
1014
1028
1020
992
991
971
952
923
883
857
822
752
745
697
640
595
526
495
444
372
319
254
195
130
58
8
-63
-139
-165
-247
-308
-368
-434
-467
-542
-574
-633
-686
-728
-774
-819
-842
-882
-913
-922
-975
-986
-999
-1011
-1005
-1021
-1010
-1023
-1017
-1002
-991
-971
-947
-933
-874
-853
-839
-788
-743
-695
-647
-608
-542
-503
-445
-388
-322
-264
-199
-142
-70
-22
25
106
175
237
280
342
418
464
520
573
629
675
711
767
817
823
859
903
945
954
964
985
1002
1012
1015
1019
1024
1009
993
999
965
924
915
894
872
816
766
758
705
656
609
554
512
440
389
340
251
193
148
91
37
-57
-109
-160
-235
-281
-346
-405
-456
-526
-569
-606
-682
-716
-754
-796
-830
-892
-901
-922
-955
-964
-996
-1004
-1012
-1028
-1016
-1031
-1008
-997
-990
-971
-953
-944
-890
-860
-826
-787
-766
-713
-667
-619
-560
-508
-437
-398
-349
-287
-229
-168
-91
-45
39
91
138
212
269
337
392
450
530
549
600
648
702
748
801
823
862
891
907
945
965
994
993
1012
1033
1008
1010
1003
1005
995
972
940
939
902
869
840
808
768
716
677
627
569
515
463
421
357
289
226
173
108
46
-14
-74
-137
-215
-251
-314
-379
-435
-492
-533
-598
-653
-695
-745
-783
-817
-853
-879
-920
-943
-960
-985
-986
-1006
-1008
-1006
-1022
-1018
-992
-1000
-973
-951
-934
-901
-883
-839
-796
-758
-705
-675
-620
-573
-538
-469
-422
-366
-289
-238
-175
-114
-58
